0.0000000000000000 0.0000000000000000
0.0000000000000000 2.0000000000000000
7.0000000000000000 0.0000000000000000
7.0000000000000000 2.0000000000000000
-0.0000000000010944 0.3958705912094952
0.0000000000160082 0.8028316538493140
-0.0000000000008842 1.2066457868167419
-0.0000000000031453 1.6053151551485569
0.3780032035984759 2.0000000007270344
0.3934495150400439 -0.0000000000027793
0.5113644692001748 0.3972158279014971
0.3609662219385614 0.7970217248962153
0.5194585179717592 1.1894013748109220
0.4067003504359766 1.5783668710394079
0.7594604395027101 2.0000000006780869
0.8265259580444383 -0.0000000000029978
1.0052548141103292 0.3980405668510989
0.8003481850018315 0.7926048938703834
1.0150546112021290 1.1868621205767671
0.8475736547622332 1.5819055372335287
1.1640756282249525 2.0000000007170833
1.2780203747002892 -0.0000000000031637
1.4855034951971331 0.3981121047387288
1.2628051703672860 0.7927671297071291
1.4953886670275776 1.1884781193157408
1.3015195012815117 1.5851038835699545
1.5873111411899494 2.0000000007543020
1.7368576921183723 0.0000000000130168
1.9579389356488146 0.3981995362599933
1.7299953946560649 0.7937556747427080
1.9668639284400165 1.1912141539318630
1.7591907146483974 1.5892184617849037
2.0237046501710023 2.0000000007868048
2.1981603810198846 0.0000000000132013
2.4256547575446938 0.3986043164599968
2.1966162261158004 0.7951949866101605
2.4334066817269022 1.1936644492443504
2.2176995426557480 1.5925423144265276
2.4684676799873575 2.0000000008104477
2.6596141344374522 0.0000000000132799
2.8903445127727836 0.3991500508716539
2.6616305230016399 0.7965816287852133
2.8971352646920874 1.1955350451477733
2.6762455140915482 1.5949112756936348
2.9183130411704381 2.0000000008263483
3.1201544999937947 0.0000000000132986
3.3530441558984374 0.3997782880631540
3.1251927554881016 0.7977486949299613
3.3593031335383707 1.1967833371108794
3.1346557814777194 1.5964602324073898
3.3711237692823155 2.0000000008362084
3.5792227872698383 0.0000000000132730
3.8145305252638404 0.4004879487730588
3.5878879740238774 0.7986471496076791
3.8207891119760555 1.1973502456753238
3.5928607642654651 1.5973138828722493
3.8255264397220521 2.0000000008411911
4.0363658767255091 0.0000000000132018
4.2755599947376934 0.4013058615225940
4.0505699656914418 0.7991967167761920
4.2823399905439139 1.1969906896465112
4.0506748917368771 1.5974790182814376
4.2805520750200445 2.0000000008417418
4.4909276733682537 0.0000000000130711
4.7370575025284678 0.4022731162438643
4.5144742012209838 0.7991705537214085
4.7446925122918655 1.1950941477709276
4.5075535970472282 1.5967750776619254
4.7353925993220392 2.0000000008377676
4.9416785163632335 -0.0000000000032116
5.2002558408996880 0.4035555691865444
4.9815795531087321 0.7980898200150440
5.2085806833120429 1.1904866036066852
4.9621270517960863 1.5947676721319692
5.1892774734295255 2.0000000008297194
5.3861566701917054 -0.0000000000031192
5.6664274362536178 0.4053382894515805
5.4554149282393993 0.7952756008308649
5.6743580679142580 1.1818910466647872
5.4112859284942498 1.5908691944751263
5.6416365294643755 2.0000000008232832
5.8196560796057080 -0.0000000000029671
6.1350116630692337 0.4089684204637253
5.9422350887859494 0.7898817290720292
6.1394921342444997 1.1680132638167766
5.8488367757230559 1.5854526177671173
6.0930184033023176 2.0000000008151213
6.2336024021748182 -0.0000000000027557
6.5923161198032032 0.4173185169322926
6.4538341321148502 0.7880278038879706
6.5957633285077835 1.1594999130820240
6.2634438633474261 1.5763028161191068
6.5436643768480174 2.0000000008885372
6.6189265116089251 -0.0000000000029087
7.0000000007959837 0.3939378761150403
7.0000000000781695 0.7917011672120028
7.0000000008606644 1.1941333214570622
6.6431563985549333 1.5901924070519278
7.0000000010458336 1.5997168316848600
