7 6 12
12 6 5
5 11 12
94 89 88
94 3 95
95 89 94
95 96 89
9 2 8
10 16 11
10 5 1
11 5 10
96 95 97
75 69 74
82 88 83
83 88 89
96 97 91
45 50 51
50 45 44
52 58 53
55 62 56
56 49 55
50 49 56
51 50 56
56 57 51
62 57 56
74 69 68
90 83 89
90 91 85
89 96 90
96 91 90
34 29 28
30 29 36
8 7 14
14 9 8
13 7 12
13 14 7
39 44 45
48 41 47
52 53 47
36 29 35
35 29 34
34 40 35
35 40 41
54 49 48
48 47 54
54 47 53
55 49 54
50 44 43
43 49 50
48 49 43
44 37 43
63 68 69
63 57 62
62 68 63
61 62 55
61 68 62
70 65 64
59 65 66
64 65 59
59 58 64
59 53 58
84 90 85
83 90 84
86 87 81
92 86 85
92 87 86
92 93 87
85 91 92
29 30 23
22 28 23
23 28 29
42 41 48
48 43 42
42 43 37
42 35 41
42 37 36
36 35 42
36 37 31
31 30 36
31 32 25
25 30 31
33 32 38
38 37 44
32 31 38
38 31 37
38 39 33
44 39 38
41 40 46
52 47 46
46 47 41
74 68 67
68 61 67
67 61 66
66 61 60
60 59 66
55 54 60
60 61 55
60 54 53
53 59 60
71 70 76
65 70 71
80 75 74
80 81 75
86 81 80
85 86 79
79 84 85
78 84 79
86 80 79
93 92 98
99 4 98
4 93 98
98 92 91
98 97 99
98 91 97
12 11 18
18 13 12
24 30 25
24 23 30
25 32 26
27 32 33
27 26 32
21 26 27
78 71 77
82 83 77
77 76 82
77 71 76
83 84 77
77 84 78
78 79 73
73 79 80
74 67 73
73 80 74
66 65 72
65 71 72
72 67 66
72 73 67
72 71 78
78 73 72
17 24 18
11 16 17
17 18 11
23 24 17
17 16 22
22 23 17
14 13 20
20 26 21
13 18 19
19 20 13
18 24 19
19 24 25
25 26 19
26 20 19
15 20 21
9 14 15
14 20 15
